67,31,58,8,79,18,19,45,38,13,40,62,85,10,21,96,56,55,4,36,76,42,32,34,39,89,6,12,24,57,93,47,41,52,83,61,5,37,28,15,86,23,69,92,70,27,25,53,44,80,65,22,99,43,66,26,11,72,2,98,14,82,87,20,73,46,35,7,1,84,95,74,81,63,78,94,16,60,29,97,91,30,17,54,68,90,71,88,77,9,64,50,0,49,48,75,3,59,51,33

12 75 58 21 87
55 80 14 63 17
37 35 76 92 56
72 68 51 19 38
91 60 34 30 88

 0 66  5 51  8
45 57 31  3 62
 7 60 40 29 90
80 19 47 86 81
95 69 68 53 93

30 99 16 34 42
94 39 83 78 49
57 81 97 77 52
 9 61 98 11 89
85  1 60 90 55

87 49 12 85 88
67 89  7 35 70
37 45 93 84  9
80 58 54 13 22
 8 71 48 15 39